(kicad_pcb (version 20171130) (host pcbnew 5.1.6-c6e7f7d~87~ubuntu18.04.1)

  (general
    (thickness 1.6)
    (drawings 45)
    (tracks 503)
    (zones 0)
    (modules 104)
    (nets 97)
  )

  (page A4)
  (layers
    (0 SIG-1 signal)
    (1 PWR power)
    (2 GND power)
    (31 SIG-2 signal)
    (33 F.Adhes user)
    (35 F.Paste user)
    (37 F.SilkS user)
    (38 B.Mask user)
    (39 F.Mask user)
    (40 Dwgs.User user)
    (41 Cmts.User user)
    (42 Eco1.User user)
    (43 Eco2.User user)
    (44 Edge.Cuts user)
    (45 Margin user)
    (46 B.CrtYd user hide)
    (47 F.CrtYd user hide)
    (49 F.Fab user hide)
  )

  (setup
    (last_trace_width 0.3048)
    (user_trace_width 0.3048)
    (user_trace_width 0.635)
    (user_trace_width 1.27)
    (trace_clearance 0.2794)
    (zone_clearance 0.508)
    (zone_45_only no)
    (trace_min 0.3048)
    (via_size 0.8)
    (via_drill 0.4)
    (via_min_size 0.4)
    (via_min_drill 0.3)
    (uvia_size 0.3)
    (uvia_drill 0.1)
    (uvias_allowed no)
    (uvia_min_size 0.2)
    (uvia_min_drill 0.1)
    (edge_width 0.05)
    (segment_width 0.2)
    (pcb_text_width 0.3)
    (pcb_text_size 1.5 1.5)
    (mod_edge_width 0.12)
    (mod_text_size 1 1)
    (mod_text_width 0.15)
    (pad_size 1.6 1.6)
    (pad_drill 0.8)
    (pad_to_mask_clearance 0.05)
    (aux_axis_origin 0 0)
    (visible_elements FFFFFF7F)
    (pcbplotparams
      (layerselection 0x010fc_ffffffff)
      (usegerberextensions false)
      (usegerberattributes true)
      (usegerberadvancedattributes true)
      (creategerberjobfile true)
      (excludeedgelayer true)
      (linewidth 0.100000)
      (plotframeref false)
      (viasonmask false)
      (mode 1)
      (useauxorigin false)
      (hpglpennumber 1)
      (hpglpenspeed 20)
      (hpglpendiameter 15.000000)
      (psnegative false)
      (psa4output false)
      (plotreference true)
      (plotvalue true)
      (plotinvisibletext false)
      (padsonsilk false)
      (subtractmaskfromsilk false)
      (outputformat 1)
      (mirror false)
      (drillshape 1)
      (scaleselection 1)
      (outputdirectory ""))
  )

  (net 0 "")
  (net 1 GND)
  (net 2 +5V)
  (net 3 +24V)
  (net 4 "Net-(D1-Pad2)")
  (net 5 "Net-(D2-Pad2)")
  (net 6 "Net-(D210-Pad2)")
  (net 7 "Net-(D211-Pad2)")
  (net 8 "Net-(D212-Pad2)")
  (net 9 "Net-(D212-Pad1)")
  (net 10 "Net-(D213-Pad2)")
  (net 11 "Net-(D214-Pad1)")
  (net 12 "Net-(D216-Pad1)")
  (net 13 "Net-(D216-Pad2)")
  (net 14 "Net-(D217-Pad2)")
  (net 15 "Net-(D218-Pad1)")
  (net 16 "Net-(D220-Pad2)")
  (net 17 "Net-(D221-Pad2)")
  (net 18 "Net-(D222-Pad2)")
  (net 19 "Net-(D222-Pad1)")
  (net 20 "Net-(D223-Pad2)")
  (net 21 "Net-(D224-Pad1)")
  (net 22 "Net-(D226-Pad2)")
  (net 23 "Net-(D226-Pad1)")
  (net 24 "Net-(D227-Pad2)")
  (net 25 "Net-(D228-Pad1)")
  (net 26 "Net-(D230-Pad2)")
  (net 27 "Net-(D231-Pad2)")
  (net 28 "Net-(D232-Pad1)")
  (net 29 "Net-(D232-Pad2)")
  (net 30 "Net-(D233-Pad2)")
  (net 31 "Net-(D234-Pad1)")
  (net 32 "Net-(D236-Pad2)")
  (net 33 "Net-(D236-Pad1)")
  (net 34 "Net-(D237-Pad2)")
  (net 35 "Net-(D238-Pad1)")
  (net 36 "Net-(D240-Pad2)")
  (net 37 "Net-(D241-Pad2)")
  (net 38 "Net-(D242-Pad2)")
  (net 39 "Net-(D242-Pad1)")
  (net 40 "Net-(D243-Pad2)")
  (net 41 "Net-(D244-Pad1)")
  (net 42 "Net-(D246-Pad1)")
  (net 43 "Net-(D246-Pad2)")
  (net 44 "Net-(D247-Pad2)")
  (net 45 "Net-(D248-Pad1)")
  (net 46 "Net-(J2-Pad1)")
  (net 47 "Net-(J210-Pad1)")
  (net 48 "Net-(J211-Pad1)")
  (net 49 "Net-(J220-Pad1)")
  (net 50 "Net-(J221-Pad1)")
  (net 51 "Net-(J230-Pad1)")
  (net 52 "Net-(J231-Pad1)")
  (net 53 "Net-(J240-Pad1)")
  (net 54 "Net-(J241-Pad1)")
  (net 55 Bit-3)
  (net 56 Bit-7)
  (net 57 Bit-11)
  (net 58 Bit-15)
  (net 59 Bit-19)
  (net 60 Bit-23)
  (net 61 Bit-27)
  (net 62 Bit-31)
  (net 63 Bit-6)
  (net 64 Bit-5)
  (net 65 Bit-4)
  (net 66 Bit-2)
  (net 67 Bit-1)
  (net 68 "Net-(U11-Pad14)")
  (net 69 Bit-0)
  (net 70 Bit-8)
  (net 71 "Net-(U12-Pad14)")
  (net 72 Bit-9)
  (net 73 Bit-10)
  (net 74 Bit-12)
  (net 75 Bit-13)
  (net 76 Bit-14)
  (net 77 Bit-16)
  (net 78 "Net-(U13-Pad14)")
  (net 79 Bit-17)
  (net 80 Bit-18)
  (net 81 Bit-20)
  (net 82 Bit-21)
  (net 83 Bit-22)
  (net 84 Bit-24)
  (net 85 Bit-25)
  (net 86 Bit-26)
  (net 87 Bit-28)
  (net 88 Bit-29)
  (net 89 Bit-30)
  (net 90 "Net-(J3-Pad1)")
  (net 91 SYNCin)
  (net 92 CLKin)
  (net 93 CLEARin)
  (net 94 CLEARbuf)
  (net 95 CLKbuf)
  (net 96 SYNCbuf)

  (net_class Default "This is the default net class."
    (clearance 0.2794)
    (trace_width 0.3048)
    (via_dia 0.8)
    (via_drill 0.4)
    (uvia_dia 0.3)
    (uvia_drill 0.1)
    (diff_pair_width 0.3048)
    (diff_pair_gap 0.25)
    (add_net +24V)
    (add_net +5V)
    (add_net Bit-0)
    (add_net Bit-1)
    (add_net Bit-10)
    (add_net Bit-11)
    (add_net Bit-12)
    (add_net Bit-13)
    (add_net Bit-14)
    (add_net Bit-15)
    (add_net Bit-16)
    (add_net Bit-17)
    (add_net Bit-18)
    (add_net Bit-19)
    (add_net Bit-2)
    (add_net Bit-20)
    (add_net Bit-21)
    (add_net Bit-22)
    (add_net Bit-23)
    (add_net Bit-24)
    (add_net Bit-25)
    (add_net Bit-26)
    (add_net Bit-27)
    (add_net Bit-28)
    (add_net Bit-29)
    (add_net Bit-3)
    (add_net Bit-30)
    (add_net Bit-31)
    (add_net Bit-4)
    (add_net Bit-5)
    (add_net Bit-6)
    (add_net Bit-7)
    (add_net Bit-8)
    (add_net Bit-9)
    (add_net CLEARbuf)
    (add_net CLEARin)
    (add_net CLKbuf)
    (add_net CLKin)
    (add_net GND)
    (add_net "Net-(D1-Pad2)")
    (add_net "Net-(D2-Pad2)")
    (add_net "Net-(D210-Pad2)")
    (add_net "Net-(D211-Pad2)")
    (add_net "Net-(D212-Pad1)")
    (add_net "Net-(D212-Pad2)")
    (add_net "Net-(D213-Pad2)")
    (add_net "Net-(D214-Pad1)")
    (add_net "Net-(D216-Pad1)")
    (add_net "Net-(D216-Pad2)")
    (add_net "Net-(D217-Pad2)")
    (add_net "Net-(D218-Pad1)")
    (add_net "Net-(D220-Pad2)")
    (add_net "Net-(D221-Pad2)")
    (add_net "Net-(D222-Pad1)")
    (add_net "Net-(D222-Pad2)")
    (add_net "Net-(D223-Pad2)")
    (add_net "Net-(D224-Pad1)")
    (add_net "Net-(D226-Pad1)")
    (add_net "Net-(D226-Pad2)")
    (add_net "Net-(D227-Pad2)")
    (add_net "Net-(D228-Pad1)")
    (add_net "Net-(D230-Pad2)")
    (add_net "Net-(D231-Pad2)")
    (add_net "Net-(D232-Pad1)")
    (add_net "Net-(D232-Pad2)")
    (add_net "Net-(D233-Pad2)")
    (add_net "Net-(D234-Pad1)")
    (add_net "Net-(D236-Pad1)")
    (add_net "Net-(D236-Pad2)")
    (add_net "Net-(D237-Pad2)")
    (add_net "Net-(D238-Pad1)")
    (add_net "Net-(D240-Pad2)")
    (add_net "Net-(D241-Pad2)")
    (add_net "Net-(D242-Pad1)")
    (add_net "Net-(D242-Pad2)")
    (add_net "Net-(D243-Pad2)")
    (add_net "Net-(D244-Pad1)")
    (add_net "Net-(D246-Pad1)")
    (add_net "Net-(D246-Pad2)")
    (add_net "Net-(D247-Pad2)")
    (add_net "Net-(D248-Pad1)")
    (add_net "Net-(J2-Pad1)")
    (add_net "Net-(J210-Pad1)")
    (add_net "Net-(J211-Pad1)")
    (add_net "Net-(J220-Pad1)")
    (add_net "Net-(J221-Pad1)")
    (add_net "Net-(J230-Pad1)")
    (add_net "Net-(J231-Pad1)")
    (add_net "Net-(J240-Pad1)")
    (add_net "Net-(J241-Pad1)")
    (add_net "Net-(J3-Pad1)")
    (add_net "Net-(U11-Pad14)")
    (add_net "Net-(U12-Pad14)")
    (add_net "Net-(U13-Pad14)")
    (add_net SYNCbuf)
    (add_net SYNCin)
  )

  (module MSU-LOGO:logo-kicad (layer SIG-1) (tedit 0) (tstamp 5F233926)
    (at 203.2 46.355)
    (fp_text reference G*** (at 0 0) (layer F.SilkS) hide
      (effects (font (size 1.524 1.524) (thickness 0.3)))
    )
    (fp_text value LOGO (at 0.75 0) (layer F.SilkS) hide
      (effects (font (size 1.524 1.524) (thickness 0.3)))
    )
    (fp_poly (pts (xy 1.394917 -1.74282) (xy 1.89226 -1.648486) (xy 2.405927 -1.511812) (xy 2.86841 -1.349612)
      (xy 3.074175 -1.256787) (xy 3.416077 -1.068787) (xy 3.71078 -0.865148) (xy 3.972988 -0.625473)
      (xy 4.217408 -0.329366) (xy 4.458743 0.043568) (xy 4.711699 0.513725) (xy 4.990979 1.101502)
      (xy 5.31129 1.827295) (xy 5.331489 1.874177) (xy 5.536734 2.313881) (xy 5.782057 2.784707)
      (xy 6.025331 3.207275) (xy 6.10951 3.340262) (xy 6.292831 3.626383) (xy 6.4299 3.853614)
      (xy 6.501597 3.989553) (xy 6.506693 4.013411) (xy 6.415461 4.009977) (xy 6.200273 3.980293)
      (xy 5.903402 3.930386) (xy 5.827647 3.916613) (xy 5.178295 3.796906) (xy 5.175877 3.291328)
      (xy 5.161346 2.895416) (xy 5.111015 2.607355) (xy 5.008033 2.366728) (xy 4.854129 2.137744)
      (xy 4.515398 1.816976) (xy 4.099041 1.623945) (xy 3.644014 1.563581) (xy 3.189276 1.640812)
      (xy 2.773785 1.860567) (xy 2.758302 1.872573) (xy 2.611033 1.999863) (xy 2.585826 2.089127)
      (xy 2.66909 2.203691) (xy 2.683749 2.219962) (xy 2.992691 2.461297) (xy 3.411753 2.649574)
      (xy 3.884218 2.760685) (xy 3.981815 2.771679) (xy 4.462222 2.815241) (xy 4.513221 3.968787)
      (xy 4.577919 4.838072) (xy 4.694153 5.789077) (xy 4.851652 6.745869) (xy 4.964166 7.3025)
      (xy 4.98032 7.444426) (xy 4.938393 7.51527) (xy 4.818558 7.512052) (xy 4.600984 7.431795)
      (xy 4.265846 7.271521) (xy 4.060139 7.166704) (xy 2.652565 6.373743) (xy 1.608666 5.69051)
      (xy 1.058333 5.305464) (xy 0 5.586676) (xy -0.692007 5.766531) (xy -1.264216 5.906825)
      (xy -1.706754 6.005403) (xy -2.009747 6.060109) (xy -2.163324 6.068787) (xy -2.178482 6.062407)
      (xy -2.184415 5.964444) (xy -2.157031 5.755853) (xy -2.124936 5.589674) (xy -2.049986 5.087787)
      (xy -2.045049 4.57044) (xy -2.113073 3.995699) (xy -2.257 3.321626) (xy -2.294646 3.173162)
      (xy -2.415131 2.681318) (xy -2.489349 2.298825) (xy -2.524357 1.974315) (xy -2.52721 1.656419)
      (xy -2.52118 1.524) (xy -2.399642 0.81082) (xy -2.131362 0.147826) (xy -1.735933 -0.446512)
      (xy -1.232951 -0.953721) (xy -0.642008 -1.355329) (xy 0.017299 -1.632862) (xy 0.725377 -1.76785)
      (xy 0.981403 -1.778001) (xy 1.394917 -1.74282)) (layer F.SilkS) (width 0.01))
    (fp_poly (pts (xy 2.972148 -7.432435) (xy 4.117578 -7.180682) (xy 4.7884 -6.952973) (xy 5.15807 -6.812083)
      (xy 5.421543 -6.699974) (xy 5.584934 -6.589318) (xy 5.65436 -6.45279) (xy 5.635937 -6.263064)
      (xy 5.53578 -5.992814) (xy 5.360005 -5.614713) (xy 5.174534 -5.227748) (xy 4.582517 -3.982964)
      (xy 4.023324 -4.193443) (xy 3.049631 -4.476371) (xy 2.025924 -4.620098) (xy 0.986218 -4.625491)
      (xy -0.035468 -4.493418) (xy -1.005118 -4.224744) (xy -1.426323 -4.054621) (xy -2.300769 -3.572409)
      (xy -3.066736 -2.96338) (xy -3.714935 -2.236459) (xy -4.236079 -1.400571) (xy -4.280356 -1.312334)
      (xy -4.510209 -0.807098) (xy -4.665737 -0.35609) (xy -4.752354 0.084476) (xy -4.775476 0.558384)
      (xy -4.740515 1.109417) (xy -4.658376 1.744615) (xy -4.593431 2.221713) (xy -4.540062 2.690279)
      (xy -4.503471 3.099012) (xy -4.488862 3.396616) (xy -4.488804 3.416254) (xy -4.523957 3.954971)
      (xy -4.617384 4.516218) (xy -4.75532 5.034414) (xy -4.908034 5.413505) (xy -5.14952 5.804073)
      (xy -5.444294 6.15598) (xy -5.760305 6.440073) (xy -6.065503 6.627203) (xy -6.31006 6.688666)
      (xy -6.360894 6.652447) (xy -6.302361 6.532879) (xy -6.141804 6.331106) (xy -5.832176 5.839743)
      (xy -5.647498 5.237057) (xy -5.58792 4.526178) (xy -5.653595 3.710236) (xy -5.844676 2.792361)
      (xy -5.951548 2.413) (xy -6.149942 1.717778) (xy -6.289562 1.132823) (xy -6.37718 0.612271)
      (xy -6.419564 0.110254) (xy -6.423486 -0.419094) (xy -6.412931 -0.712786) (xy -6.296057 -1.742075)
      (xy -6.041998 -2.67954) (xy -5.643194 -3.542312) (xy -5.092087 -4.34752) (xy -4.539094 -4.959138)
      (xy -3.636969 -5.74135) (xy -2.65011 -6.386535) (xy -1.595174 -6.891134) (xy -0.488822 -7.251584)
      (xy 0.652289 -7.464325) (xy 1.811498 -7.525795) (xy 2.972148 -7.432435)) (layer F.SilkS) (width 0.01))
    (fp_poly (pts (xy -3.671402 0.034187) (xy -3.369498 0.070554) (xy -3.124848 0.109752) (xy -3.006731 0.138307)
      (xy -2.886495 0.232799) (xy -2.912735 0.342062) (xy -3.069293 0.433699) (xy -3.166411 0.458469)
      (xy -3.561475 0.6133) (xy -3.885932 0.91833) (xy -4.112951 1.306353) (xy -4.308246 1.735666)
      (xy -4.313123 1.132416) (xy -4.307796 0.784046) (xy -4.289099 0.464192) (xy -4.263005 0.254188)
      (xy -4.208009 -0.02079) (xy -3.671402 0.034187)) (layer F.SilkS) (width 0.01))
    (fp_poly (pts (xy -3.821077 -0.975703) (xy -3.340397 -0.796737) (xy -2.999531 -0.661515) (xy -2.778092 -0.558917)
      (xy -2.655693 -0.477824) (xy -2.61195 -0.407117) (xy -2.626475 -0.335675) (xy -2.631101 -0.326646)
      (xy -2.681034 -0.243893) (xy -2.745212 -0.198693) (xy -2.858492 -0.190525) (xy -3.055731 -0.218865)
      (xy -3.371785 -0.283191) (xy -3.513667 -0.313415) (xy -3.806933 -0.378023) (xy -4.025584 -0.430033)
      (xy -4.126074 -0.459038) (xy -4.127882 -0.460208) (xy -4.117618 -0.544736) (xy -4.064108 -0.72485)
      (xy -4.054292 -0.753457) (xy -3.960151 -0.941799) (xy -3.849481 -0.983689) (xy -3.821077 -0.975703)) (layer F.SilkS) (width 0.01))
    (fp_poly (pts (xy -2.812419 -1.502389) (xy -2.491522 -1.25768) (xy -2.2991 -1.081707) (xy -2.220225 -0.953157)
      (xy -2.239971 -0.850712) (xy -2.307167 -0.780909) (xy -2.419599 -0.762177) (xy -2.630584 -0.823441)
      (xy -2.958874 -0.970721) (xy -3.069167 -1.025566) (xy -3.363944 -1.181067) (xy -3.589975 -1.313126)
      (xy -3.712515 -1.400883) (xy -3.724776 -1.419192) (xy -3.681876 -1.526746) (xy -3.578606 -1.702408)
      (xy -3.570975 -1.714056) (xy -3.417733 -1.946444) (xy -2.812419 -1.502389)) (layer F.SilkS) (width 0.01))
    (fp_poly (pts (xy -2.434835 -2.402214) (xy -2.113338 -2.041727) (xy -1.890294 -1.786264) (xy -1.751932 -1.614044)
      (xy -1.684479 -1.503286) (xy -1.674164 -1.432209) (xy -1.707217 -1.379033) (xy -1.758367 -1.332311)
      (xy -1.836319 -1.280783) (xy -1.927523 -1.280213) (xy -2.061708 -1.344736) (xy -2.268606 -1.488489)
      (xy -2.565988 -1.716294) (xy -3.226976 -2.230769) (xy -2.72765 -2.730095) (xy -2.434835 -2.402214)) (layer F.SilkS) (width 0.01))
    (fp_poly (pts (xy -1.806188 -3.232421) (xy -1.688112 -3.046507) (xy -1.527998 -2.775388) (xy -1.411502 -2.570021)
      (xy -1.220805 -2.216352) (xy -1.113208 -1.980968) (xy -1.079879 -1.839946) (xy -1.111988 -1.769365)
      (xy -1.115168 -1.767246) (xy -1.225074 -1.714769) (xy -1.331469 -1.721852) (xy -1.460384 -1.806403)
      (xy -1.63785 -1.986328) (xy -1.889897 -2.279533) (xy -1.930493 -2.328095) (xy -2.460212 -2.962856)
      (xy -2.182606 -3.132112) (xy -1.993927 -3.241066) (xy -1.87467 -3.298697) (xy -1.862667 -3.301421)
      (xy -1.806188 -3.232421)) (layer F.SilkS) (width 0.01))
    (fp_poly (pts (xy -0.811164 -3.626248) (xy -0.718434 -3.424586) (xy -0.618134 -3.082689) (xy -0.592217 -2.9845)
      (xy -0.490699 -2.596721) (xy -0.428939 -2.342072) (xy -0.406273 -2.189246) (xy -0.42204 -2.106936)
      (xy -0.475576 -2.063834) (xy -0.566219 -2.028632) (xy -0.571939 -2.02643) (xy -0.664705 -2.004141)
      (xy -0.746788 -2.035076) (xy -0.838833 -2.143933) (xy -0.961487 -2.355407) (xy -1.135394 -2.694194)
      (xy -1.143247 -2.709825) (xy -1.523616 -3.467184) (xy -1.274013 -3.596259) (xy -1.065946 -3.69144)
      (xy -0.919332 -3.708318) (xy -0.811164 -3.626248)) (layer F.SilkS) (width 0.01))
    (fp_poly (pts (xy 0.338666 -3.193482) (xy 0.334452 -2.782996) (xy 0.319007 -2.512169) (xy 0.288128 -2.351471)
      (xy 0.237611 -2.271373) (xy 0.204741 -2.252726) (xy 0.015386 -2.204259) (xy -0.080771 -2.228595)
      (xy -0.084667 -2.244564) (xy -0.10193 -2.340852) (xy -0.148255 -2.563488) (xy -0.215448 -2.873634)
      (xy -0.257249 -3.062582) (xy -0.325627 -3.406028) (xy -0.366247 -3.686241) (xy -0.374074 -3.86329)
      (xy -0.363082 -3.901764) (xy -0.241913 -3.958077) (xy -0.0281 -4.014837) (xy 0.021166 -4.024501)
      (xy 0.338666 -4.082846) (xy 0.338666 -3.193482)) (layer F.SilkS) (width 0.01))
    (fp_poly (pts (xy 1.642306 -4.138132) (xy 1.951604 -4.110317) (xy 2.246265 -4.070905) (xy 2.49416 -4.025579)
      (xy 2.663161 -3.980024) (xy 2.721141 -3.939922) (xy 2.667 -3.915774) (xy 2.062701 -3.736601)
      (xy 1.576646 -3.453637) (xy 1.219383 -3.075057) (xy 1.007573 -2.629931) (xy 0.911902 -2.404105)
      (xy 0.804658 -2.291427) (xy 0.778688 -2.286) (xy 0.713212 -2.313491) (xy 0.68449 -2.418441)
      (xy 0.688282 -2.634567) (xy 0.706821 -2.8575) (xy 0.735724 -3.218471) (xy 0.755549 -3.570832)
      (xy 0.761398 -3.788834) (xy 0.762 -4.148667) (xy 1.350499 -4.148667) (xy 1.642306 -4.138132)) (layer F.SilkS) (width 0.01))
  )

  (module Package_DIP:DIP-16_W7.62mm (layer SIG-1) (tedit 5F227E23) (tstamp 5F232E45)
    (at 119.38 74.295)
    (descr "16-lead though-hole mounted DIP package, row spacing 7.62 mm (300 mils)")
    (tags "THT DIP DIL PDIP 2.54mm 7.62mm 300mil")
    (path /5EF21C4B)
    (fp_text reference U24 (at 0 -3.81 90) (layer F.SilkS)
      (effects (font (size 1 1) (thickness 0.15)))
    )
    (fp_text value SN754410 (at 3.81 20.11) (layer F.Fab)
      (effects (font (size 1 1) (thickness 0.15)))
    )
    (fp_line (start 8.7 -1.55) (end -1.1 -1.55) (layer F.CrtYd) (width 0.05))
    (fp_line (start 8.7 19.3) (end 8.7 -1.55) (layer F.CrtYd) (width 0.05))
    (fp_line (start -1.1 19.3) (end 8.7 19.3) (layer F.CrtYd) (width 0.05))
    (fp_line (start -1.1 -1.55) (end -1.1 19.3) (layer F.CrtYd) (width 0.05))
    (fp_line (start 6.46 -1.33) (end 4.81 -1.33) (layer F.SilkS) (width 0.12))
    (fp_line (start 6.46 19.11) (end 6.46 -1.33) (layer F.SilkS) (width 0.12))
    (fp_line (start 1.16 19.11) (end 6.46 19.11) (layer F.SilkS) (width 0.12))
    (fp_line (start 1.16 -1.33) (end 1.16 19.11) (layer F.SilkS) (width 0.12))
    (fp_line (start 2.81 -1.33) (end 1.16 -1.33) (layer F.SilkS) (width 0.12))
    (fp_line (start 0.635 -0.27) (end 1.635 -1.27) (layer F.Fab) (width 0.1))
    (fp_line (start 0.635 19.05) (end 0.635 -0.27) (layer F.Fab) (width 0.1))
    (fp_line (start 6.985 19.05) (end 0.635 19.05) (layer F.Fab) (width 0.1))
    (fp_line (start 6.985 -1.27) (end 6.985 19.05) (layer F.Fab) (width 0.1))
    (fp_line (start 1.635 -1.27) (end 6.985 -1.27) (layer F.Fab) (width 0.1))
    (fp_arc (start 3.81 -1.33) (end 2.81 -1.33) (angle -180) (layer F.SilkS) (width 0.12))
    (fp_text user %R (at 3.81 8.89) (layer F.Fab)
      (effects (font (size 1 1) (thickness 0.15)))
    )
    (pad 1 thru_hole rect (at 0 0) (size 1.6 1.6) (drill 0.8) (layers *.Cu *.Mask)
      (net 89 Bit-30))
    (pad 9 thru_hole oval (at 7.62 17.78) (size 1.6 1.6) (drill 0.8) (layers *.Cu *.Mask)
      (net 86 Bit-26))
    (pad 2 thru_hole oval (at 0 2.54) (size 1.6 1.6) (drill 0.8) (layers *.Cu *.Mask)
      (net 88 Bit-29))
    (pad 10 thru_hole oval (at 7.62 15.24) (size 1.6 1.6) (drill 0.8) (layers *.Cu *.Mask)
      (net 84 Bit-24))
    (pad 3 thru_hole oval (at 0 5.08) (size 1.6 1.6) (drill 0.8) (layers *.Cu *.Mask)
      (net 54 "Net-(J241-Pad1)"))
    (pad 11 thru_hole oval (at 7.62 12.7) (size 1.6 1.6) (drill 0.8) (layers *.Cu *.Mask)
      (net 39 "Net-(D242-Pad1)"))
    (pad 4 thru_hole oval (at 0 7.62 45) (size 1.6 1.6) (drill 0.8) (layers *.Cu *.Mask)
      (net 1 GND))
    (pad 12 thru_hole oval (at 7.62 10.16 45) (size 1.6 1.6) (drill 0.8) (layers *.Cu *.Mask)
      (net 1 GND))
    (pad 5 thru_hole oval (at 0 10.16 45) (size 1.6 1.6) (drill 0.8) (layers *.Cu *.Mask)
      (net 1 GND))
    (pad 13 thru_hole oval (at 7.62 7.62 45) (size 1.6 1.6) (drill 0.8) (layers *.Cu *.Mask)
      (net 1 GND))
    (pad 6 thru_hole oval (at 0 12.7) (size 1.6 1.6) (drill 0.8) (layers *.Cu *.Mask)
      (net 42 "Net-(D246-Pad1)"))
    (pad 14 thru_hole oval (at 7.62 5.08) (size 1.6 1.6) (drill 0.8) (layers *.Cu *.Mask)
      (net 53 "Net-(J240-Pad1)"))
    (pad 7 thru_hole oval (at 0 15.24) (size 1.6 1.6) (drill 0.8) (layers *.Cu *.Mask)
      (net 87 Bit-28))
    (pad 15 thru_hole oval (at 7.62 2.54) (size 1.6 1.6) (drill 0.8) (layers *.Cu *.Mask)
      (net 85 Bit-25))
    (pad 8 thru_hole oval (at 0 17.78 45) (size 1.6 1.6) (drill 0.8) (layers *.Cu *.Mask)
      (net 3 +24V))
    (pad 16 thru_hole oval (at 7.62 0) (size 1.6 1.6) (drill 0.8) (layers *.Cu *.Mask)
      (net 2 +5V))
    (model ${KISYS3DMOD}/Package_DIP.3dshapes/DIP-16_W7.62mm.wrl
      (at (xyz 0 0 0))
      (scale (xyz 1 1 1))
      (rotate (xyz 0 0 0))
    )
  )

  (module Capacitor_SMD:C_0805_2012Metric (layer SIG-1) (tedit 5B36C52B) (tstamp 5F232667)
    (at 186.69 59.69 270)
    (descr "Capacitor SMD 0805 (2012 Metric), square (rectangular) end terminal, IPC_7351 nominal, (Body size source: https://docs.google.com/spreadsheets/d/1BsfQQcO9C6DZCsRaXUlFlo91Tg2WpOkGARC1WS5S8t0/edit?usp=sharing), generated with kicad-footprint-generator")
    (tags capacitor)
    (path /5EF333EA)
    (attr smd)
    (fp_text reference C111 (at -4.445 0 90) (layer F.SilkS)
      (effects (font (size 1 1) (thickness 0.15)))
    )
    (fp_text value "0.1 uF" (at 0 1.65 90) (layer F.Fab)
      (effects (font (size 1 1) (thickness 0.15)))
    )
    (fp_line (start -1 0.6) (end -1 -0.6) (layer F.Fab) (width 0.1))
    (fp_line (start -1 -0.6) (end 1 -0.6) (layer F.Fab) (width 0.1))
    (fp_line (start 1 -0.6) (end 1 0.6) (layer F.Fab) (width 0.1))
    (fp_line (start 1 0.6) (end -1 0.6) (layer F.Fab) (width 0.1))
    (fp_line (start -0.258578 -0.71) (end 0.258578 -0.71) (layer F.SilkS) (width 0.12))
    (fp_line (start -0.258578 0.71) (end 0.258578 0.71) (layer F.SilkS) (width 0.12))
    (fp_line (start -1.68 0.95) (end -1.68 -0.95) (layer F.CrtYd) (width 0.05))
    (fp_line (start -1.68 -0.95) (end 1.68 -0.95) (layer F.CrtYd) (width 0.05))
    (fp_line (start 1.68 -0.95) (end 1.68 0.95) (layer F.CrtYd) (width 0.05))
    (fp_line (start 1.68 0.95) (end -1.68 0.95) (layer F.CrtYd) (width 0.05))
    (fp_text user %R (at 0 0 90) (layer F.Fab)
      (effects (font (size 0.5 0.5) (thickness 0.08)))
    )
    (pad 2 smd roundrect (at 0.9375 0 270) (size 0.975 1.4) (layers SIG-1 F.Paste F.Mask) (roundrect_rratio 0.25)
      (net 1 GND))
    (pad 1 smd roundrect (at -0.9375 0 270) (size 0.975 1.4) (layers SIG-1 F.Paste F.Mask) (roundrect_rratio 0.25)
      (net 2 +5V))
    (model ${KISYS3DMOD}/Capacitor_SMD.3dshapes/C_0805_2012Metric.wrl
      (at (xyz 0 0 0))
      (scale (xyz 1 1 1))
      (rotate (xyz 0 0 0))
    )
  )

  (module Capacitor_SMD:C_0805_2012Metric (layer SIG-1) (tedit 5B36C52B) (tstamp 5F232678)
    (at 161.29 59.69 270)
    (descr "Capacitor SMD 0805 (2012 Metric), square (rectangular) end terminal, IPC_7351 nominal, (Body size source: https://docs.google.com/spreadsheets/d/1BsfQQcO9C6DZCsRaXUlFlo91Tg2WpOkGARC1WS5S8t0/edit?usp=sharing), generated with kicad-footprint-generator")
    (tags capacitor)
    (path /5EF34DE8)
    (attr smd)
    (fp_text reference C121 (at -3.81 -1.27 90) (layer F.SilkS)
      (effects (font (size 1 1) (thickness 0.15)))
    )
    (fp_text value "0.1 uF" (at 0 1.65 90) (layer F.Fab)
      (effects (font (size 1 1) (thickness 0.15)))
    )
    (fp_line (start 1.68 0.95) (end -1.68 0.95) (layer F.CrtYd) (width 0.05))
    (fp_line (start 1.68 -0.95) (end 1.68 0.95) (layer F.CrtYd) (width 0.05))
    (fp_line (start -1.68 -0.95) (end 1.68 -0.95) (layer F.CrtYd) (width 0.05))
    (fp_line (start -1.68 0.95) (end -1.68 -0.95) (layer F.CrtYd) (width 0.05))
    (fp_line (start -0.258578 0.71) (end 0.258578 0.71) (layer F.SilkS) (width 0.12))
    (fp_line (start -0.258578 -0.71) (end 0.258578 -0.71) (layer F.SilkS) (width 0.12))
    (fp_line (start 1 0.6) (end -1 0.6) (layer F.Fab) (width 0.1))
    (fp_line (start 1 -0.6) (end 1 0.6) (layer F.Fab) (width 0.1))
    (fp_line (start -1 -0.6) (end 1 -0.6) (layer F.Fab) (width 0.1))
    (fp_line (start -1 0.6) (end -1 -0.6) (layer F.Fab) (width 0.1))
    (fp_text user %R (at 0 0 90) (layer F.Fab)
      (effects (font (size 0.5 0.5) (thickness 0.08)))
    )
    (pad 1 smd roundrect (at -0.9375 0 270) (size 0.975 1.4) (layers SIG-1 F.Paste F.Mask) (roundrect_rratio 0.25)
      (net 2 +5V))
    (pad 2 smd roundrect (at 0.9375 0 270) (size 0.975 1.4) (layers SIG-1 F.Paste F.Mask) (roundrect_rratio 0.25)
      (net 1 GND))
    (model ${KISYS3DMOD}/Capacitor_SMD.3dshapes/C_0805_2012Metric.wrl
      (at (xyz 0 0 0))
      (scale (xyz 1 1 1))
      (rotate (xyz 0 0 0))
    )
  )

  (module Capacitor_SMD:C_0805_2012Metric (layer SIG-1) (tedit 5B36C52B) (tstamp 5F232689)
    (at 135.89 59.69 270)
    (descr "Capacitor SMD 0805 (2012 Metric), square (rectangular) end terminal, IPC_7351 nominal, (Body size source: https://docs.google.com/spreadsheets/d/1BsfQQcO9C6DZCsRaXUlFlo91Tg2WpOkGARC1WS5S8t0/edit?usp=sharing), generated with kicad-footprint-generator")
    (tags capacitor)
    (path /5EF3573E)
    (attr smd)
    (fp_text reference C131 (at -4.445 0 90) (layer F.SilkS)
      (effects (font (size 1 1) (thickness 0.15)))
    )
    (fp_text value "0.1 uF" (at 0 1.65 90) (layer F.Fab)
      (effects (font (size 1 1) (thickness 0.15)))
    )
    (fp_line (start -1 0.6) (end -1 -0.6) (layer F.Fab) (width 0.1))
    (fp_line (start -1 -0.6) (end 1 -0.6) (layer F.Fab) (width 0.1))
    (fp_line (start 1 -0.6) (end 1 0.6) (layer F.Fab) (width 0.1))
    (fp_line (start 1 0.6) (end -1 0.6) (layer F.Fab) (width 0.1))
    (fp_line (start -0.258578 -0.71) (end 0.258578 -0.71) (layer F.SilkS) (width 0.12))
    (fp_line (start -0.258578 0.71) (end 0.258578 0.71) (layer F.SilkS) (width 0.12))
    (fp_line (start -1.68 0.95) (end -1.68 -0.95) (layer F.CrtYd) (width 0.05))
    (fp_line (start -1.68 -0.95) (end 1.68 -0.95) (layer F.CrtYd) (width 0.05))
    (fp_line (start 1.68 -0.95) (end 1.68 0.95) (layer F.CrtYd) (width 0.05))
    (fp_line (start 1.68 0.95) (end -1.68 0.95) (layer F.CrtYd) (width 0.05))
    (fp_text user %R (at 0 0 90) (layer F.Fab)
      (effects (font (size 0.5 0.5) (thickness 0.08)))
    )
    (pad 2 smd roundrect (at 0.9375 0 270) (size 0.975 1.4) (layers SIG-1 F.Paste F.Mask) (roundrect_rratio 0.25)
      (net 1 GND))
    (pad 1 smd roundrect (at -0.9375 0 270) (size 0.975 1.4) (layers SIG-1 F.Paste F.Mask) (roundrect_rratio 0.25)
      (net 2 +5V))
    (model ${KISYS3DMOD}/Capacitor_SMD.3dshapes/C_0805_2012Metric.wrl
      (at (xyz 0 0 0))
      (scale (xyz 1 1 1))
      (rotate (xyz 0 0 0))
    )
  )

  (module Capacitor_SMD:C_0805_2012Metric (layer SIG-1) (tedit 5B36C52B) (tstamp 5F23269A)
    (at 110.49 59.69 270)
    (descr "Capacitor SMD 0805 (2012 Metric), square (rectangular) end terminal, IPC_7351 nominal, (Body size source: https://docs.google.com/spreadsheets/d/1BsfQQcO9C6DZCsRaXUlFlo91Tg2WpOkGARC1WS5S8t0/edit?usp=sharing), generated with kicad-footprint-generator")
    (tags capacitor)
    (path /5F019F84)
    (attr smd)
    (fp_text reference C141 (at -4.445 0 90) (layer F.SilkS)
      (effects (font (size 1 1) (thickness 0.15)))
    )
    (fp_text value "0.1 uF" (at 0 1.65 90) (layer F.Fab)
      (effects (font (size 1 1) (thickness 0.15)))
    )
    (fp_line (start 1.68 0.95) (end -1.68 0.95) (layer F.CrtYd) (width 0.05))
    (fp_line (start 1.68 -0.95) (end 1.68 0.95) (layer F.CrtYd) (width 0.05))
    (fp_line (start -1.68 -0.95) (end 1.68 -0.95) (layer F.CrtYd) (width 0.05))
    (fp_line (start -1.68 0.95) (end -1.68 -0.95) (layer F.CrtYd) (width 0.05))
    (fp_line (start -0.258578 0.71) (end 0.258578 0.71) (layer F.SilkS) (width 0.12))
    (fp_line (start -0.258578 -0.71) (end 0.258578 -0.71) (layer F.SilkS) (width 0.12))
    (fp_line (start 1 0.6) (end -1 0.6) (layer F.Fab) (width 0.1))
    (fp_line (start 1 -0.6) (end 1 0.6) (layer F.Fab) (width 0.1))
    (fp_line (start -1 -0.6) (end 1 -0.6) (layer F.Fab) (width 0.1))
    (fp_line (start -1 0.6) (end -1 -0.6) (layer F.Fab) (width 0.1))
    (fp_text user %R (at 0 0 90) (layer F.Fab)
      (effects (font (size 0.5 0.5) (thickness 0.08)))
    )
    (pad 1 smd roundrect (at -0.9375 0 270) (size 0.975 1.4) (layers SIG-1 F.Paste F.Mask) (roundrect_rratio 0.25)
      (net 2 +5V))
    (pad 2 smd roundrect (at 0.9375 0 270) (size 0.975 1.4) (layers SIG-1 F.Paste F.Mask) (roundrect_rratio 0.25)
      (net 1 GND))
    (model ${KISYS3DMOD}/Capacitor_SMD.3dshapes/C_0805_2012Metric.wrl
      (at (xyz 0 0 0))
      (scale (xyz 1 1 1))
      (rotate (xyz 0 0 0))
    )
  )

  (module Capacitor_SMD:C_0805_2012Metric (layer SIG-1) (tedit 5B36C52B) (tstamp 5F2326AB)
    (at 199.39 70.485 180)
    (descr "Capacitor SMD 0805 (2012 Metric), square (rectangular) end terminal, IPC_7351 nominal, (Body size source: https://docs.google.com/spreadsheets/d/1BsfQQcO9C6DZCsRaXUlFlo91Tg2WpOkGARC1WS5S8t0/edit?usp=sharing), generated with kicad-footprint-generator")
    (tags capacitor)
    (path /5EF35BE7)
    (attr smd)
    (fp_text reference C211 (at 0 1.905) (layer F.SilkS)
      (effects (font (size 1 1) (thickness 0.15)))
    )
    (fp_text value "0.1 uF" (at 0 1.65) (layer F.Fab)
      (effects (font (size 1 1) (thickness 0.15)))
    )
    (fp_line (start 1.68 0.95) (end -1.68 0.95) (layer F.CrtYd) (width 0.05))
    (fp_line (start 1.68 -0.95) (end 1.68 0.95) (layer F.CrtYd) (width 0.05))
    (fp_line (start -1.68 -0.95) (end 1.68 -0.95) (layer F.CrtYd) (width 0.05))
    (fp_line (start -1.68 0.95) (end -1.68 -0.95) (layer F.CrtYd) (width 0.05))
    (fp_line (start -0.258578 0.71) (end 0.258578 0.71) (layer F.SilkS) (width 0.12))
    (fp_line (start -0.258578 -0.71) (end 0.258578 -0.71) (layer F.SilkS) (width 0.12))
    (fp_line (start 1 0.6) (end -1 0.6) (layer F.Fab) (width 0.1))
    (fp_line (start 1 -0.6) (end 1 0.6) (layer F.Fab) (width 0.1))
    (fp_line (start -1 -0.6) (end 1 -0.6) (layer F.Fab) (width 0.1))
    (fp_line (start -1 0.6) (end -1 -0.6) (layer F.Fab) (width 0.1))
    (fp_text user %R (at 0 0) (layer F.Fab)
      (effects (font (size 0.5 0.5) (thickness 0.08)))
    )
    (pad 1 smd roundrect (at -0.9375 0 180) (size 0.975 1.4) (layers SIG-1 F.Paste F.Mask) (roundrect_rratio 0.25)
      (net 2 +5V))
    (pad 2 smd roundrect (at 0.9375 0 180) (size 0.975 1.4) (layers SIG-1 F.Paste F.Mask) (roundrect_rratio 0.25)
      (net 1 GND))
    (model ${KISYS3DMOD}/Capacitor_SMD.3dshapes/C_0805_2012Metric.wrl
      (at (xyz 0 0 0))
      (scale (xyz 1 1 1))
      (rotate (xyz 0 0 0))
    )
  )

  (module Capacitor_SMD:C_0805_2012Metric (layer SIG-1) (tedit 5B36C52B) (tstamp 5F2326BC)
    (at 199.39 95.25)
    (descr "Capacitor SMD 0805 (2012 Metric), square (rectangular) end terminal, IPC_7351 nominal, (Body size source: https://docs.google.com/spreadsheets/d/1BsfQQcO9C6DZCsRaXUlFlo91Tg2WpOkGARC1WS5S8t0/edit?usp=sharing), generated with kicad-footprint-generator")
    (tags capacitor)
    (path /5EF36C0A)
    (attr smd)
    (fp_text reference C212 (at 0 1.905) (layer F.SilkS)
      (effects (font (size 1 1) (thickness 0.15)))
    )
    (fp_text value "1 uF" (at 0 1.65) (layer F.Fab)
      (effects (font (size 1 1) (thickness 0.15)))
    )
    (fp_line (start 1.68 0.95) (end -1.68 0.95) (layer F.CrtYd) (width 0.05))
    (fp_line (start 1.68 -0.95) (end 1.68 0.95) (layer F.CrtYd) (width 0.05))
    (fp_line (start -1.68 -0.95) (end 1.68 -0.95) (layer F.CrtYd) (width 0.05))
    (fp_line (start -1.68 0.95) (end -1.68 -0.95) (layer F.CrtYd) (width 0.05))
    (fp_line (start -0.258578 0.71) (end 0.258578 0.71) (layer F.SilkS) (width 0.12))
    (fp_line (start -0.258578 -0.71) (end 0.258578 -0.71) (layer F.SilkS) (width 0.12))
    (fp_line (start 1 0.6) (end -1 0.6) (layer F.Fab) (width 0.1))
    (fp_line (start 1 -0.6) (end 1 0.6) (layer F.Fab) (width 0.1))
    (fp_line (start -1 -0.6) (end 1 -0.6) (layer F.Fab) (width 0.1))
    (fp_line (start -1 0.6) (end -1 -0.6) (layer F.Fab) (width 0.1))
    (fp_text user %R (at 0 0) (layer F.Fab)
      (effects (font (size 0.5 0.5) (thickness 0.08)))
    )
    (pad 1 smd roundrect (at -0.9375 0) (size 0.975 1.4) (layers SIG-1 F.Paste F.Mask) (roundrect_rratio 0.25)
      (net 3 +24V))
    (pad 2 smd roundrect (at 0.9375 0) (size 0.975 1.4) (layers SIG-1 F.Paste F.Mask) (roundrect_rratio 0.25)
      (net 1 GND))
    (model ${KISYS3DMOD}/Capacitor_SMD.3dshapes/C_0805_2012Metric.wrl
      (at (xyz 0 0 0))
      (scale (xyz 1 1 1))
      (rotate (xyz 0 0 0))
    )
  )

  (module Capacitor_SMD:C_0805_2012Metric (layer SIG-1) (tedit 5B36C52B) (tstamp 5F2362AA)
    (at 173.99 70.485 180)
    (descr "Capacitor SMD 0805 (2012 Metric), square (rectangular) end terminal, IPC_7351 nominal, (Body size source: https://docs.google.com/spreadsheets/d/1BsfQQcO9C6DZCsRaXUlFlo91Tg2WpOkGARC1WS5S8t0/edit?usp=sharing), generated with kicad-footprint-generator")
    (tags capacitor)
    (path /5EF360E4)
    (attr smd)
    (fp_text reference C221 (at 0 1.905) (layer F.SilkS)
      (effects (font (size 1 1) (thickness 0.15)))
    )
    (fp_text value "0.1 uF" (at 0 1.65) (layer F.Fab)
      (effects (font (size 1 1) (thickness 0.15)))
    )
    (fp_line (start -1 0.6) (end -1 -0.6) (layer F.Fab) (width 0.1))
    (fp_line (start -1 -0.6) (end 1 -0.6) (layer F.Fab) (width 0.1))
    (fp_line (start 1 -0.6) (end 1 0.6) (layer F.Fab) (width 0.1))
    (fp_line (start 1 0.6) (end -1 0.6) (layer F.Fab) (width 0.1))
    (fp_line (start -0.258578 -0.71) (end 0.258578 -0.71) (layer F.SilkS) (width 0.12))
    (fp_line (start -0.258578 0.71) (end 0.258578 0.71) (layer F.SilkS) (width 0.12))
    (fp_line (start -1.68 0.95) (end -1.68 -0.95) (layer F.CrtYd) (width 0.05))
    (fp_line (start -1.68 -0.95) (end 1.68 -0.95) (layer F.CrtYd) (width 0.05))
    (fp_line (start 1.68 -0.95) (end 1.68 0.95) (layer F.CrtYd) (width 0.05))
    (fp_line (start 1.68 0.95) (end -1.68 0.95) (layer F.CrtYd) (width 0.05))
    (fp_text user %R (at 0 0) (layer F.Fab)
      (effects (font (size 0.5 0.5) (thickness 0.08)))
    )
    (pad 2 smd roundrect (at 0.9375 0 180) (size 0.975 1.4) (layers SIG-1 F.Paste F.Mask) (roundrect_rratio 0.25)
      (net 1 GND))
    (pad 1 smd roundrect (at -0.9375 0 180) (size 0.975 1.4) (layers SIG-1 F.Paste F.Mask) (roundrect_rratio 0.25)
      (net 2 +5V))
    (model ${KISYS3DMOD}/Capacitor_SMD.3dshapes/C_0805_2012Metric.wrl
      (at (xyz 0 0 0))
      (scale (xyz 1 1 1))
      (rotate (xyz 0 0 0))
    )
  )

  (module Capacitor_SMD:C_0805_2012Metric (layer SIG-1) (tedit 5B36C52B) (tstamp 5F2326DE)
    (at 173.99 95.25)
    (descr "Capacitor SMD 0805 (2012 Metric), square (rectangular) end terminal, IPC_7351 nominal, (Body size source: https://docs.google.com/spreadsheets/d/1BsfQQcO9C6DZCsRaXUlFlo91Tg2WpOkGARC1WS5S8t0/edit?usp=sharing), generated with kicad-footprint-generator")
    (tags capacitor)
    (path /5EF37A52)
    (attr smd)
    (fp_text reference C222 (at 0 1.905) (layer F.SilkS)
      (effects (font (size 1 1) (thickness 0.15)))
    )
    (fp_text value "1 uF" (at 0 1.65) (layer F.Fab)
      (effects (font (size 1 1) (thickness 0.15)))
    )
    (fp_line (start -1 0.6) (end -1 -0.6) (layer F.Fab) (width 0.1))
    (fp_line (start -1 -0.6) (end 1 -0.6) (layer F.Fab) (width 0.1))
    (fp_line (start 1 -0.6) (end 1 0.6) (layer F.Fab) (width 0.1))
    (fp_line (start 1 0.6) (end -1 0.6) (layer F.Fab) (width 0.1))
    (fp_line (start -0.258578 -0.71) (end 0.258578 -0.71) (layer F.SilkS) (width 0.12))
    (fp_line (start -0.258578 0.71) (end 0.258578 0.71) (layer F.SilkS) (width 0.12))
    (fp_line (start -1.68 0.95) (end -1.68 -0.95) (layer F.CrtYd) (width 0.05))
    (fp_line (start -1.68 -0.95) (end 1.68 -0.95) (layer F.CrtYd) (width 0.05))
    (fp_line (start 1.68 -0.95) (end 1.68 0.95) (layer F.CrtYd) (width 0.05))
    (fp_line (start 1.68 0.95) (end -1.68 0.95) (layer F.CrtYd) (width 0.05))
    (fp_text user %R (at 0 0) (layer F.Fab)
      (effects (font (size 0.5 0.5) (thickness 0.08)))
    )
    (pad 2 smd roundrect (at 0.9375 0) (size 0.975 1.4) (layers SIG-1 F.Paste F.Mask) (roundrect_rratio 0.25)
      (net 1 GND))
    (pad 1 smd roundrect (at -0.9375 0) (size 0.975 1.4) (layers SIG-1 F.Paste F.Mask) (roundrect_rratio 0.25)
      (net 3 +24V))
    (model ${KISYS3DMOD}/Capacitor_SMD.3dshapes/C_0805_2012Metric.wrl
      (at (xyz 0 0 0))
      (scale (xyz 1 1 1))
      (rotate (xyz 0 0 0))
    )
  )

  (module Capacitor_SMD:C_0805_2012Metric (layer SIG-1) (tedit 5B36C52B) (tstamp 5F2365ED)
    (at 148.59 70.485 180)
    (descr "Capacitor SMD 0805 (2012 Metric), square (rectangular) end terminal, IPC_7351 nominal, (Body size source: https://docs.google.com/spreadsheets/d/1BsfQQcO9C6DZCsRaXUlFlo91Tg2WpOkGARC1WS5S8t0/edit?usp=sharing), generated with kicad-footprint-generator")
    (tags capacitor)
    (path /5EF36490)
    (attr smd)
    (fp_text reference C231 (at 0 1.905) (layer F.SilkS)
      (effects (font (size 1 1) (thickness 0.15)))
    )
    (fp_text value "0.1 uF" (at 0 1.65) (layer F.Fab)
      (effects (font (size 1 1) (thickness 0.15)))
    )
    (fp_line (start 1.68 0.95) (end -1.68 0.95) (layer F.CrtYd) (width 0.05))
    (fp_line (start 1.68 -0.95) (end 1.68 0.95) (layer F.CrtYd) (width 0.05))
    (fp_line (start -1.68 -0.95) (end 1.68 -0.95) (layer F.CrtYd) (width 0.05))
    (fp_line (start -1.68 0.95) (end -1.68 -0.95) (layer F.CrtYd) (width 0.05))
    (fp_line (start -0.258578 0.71) (end 0.258578 0.71) (layer F.SilkS) (width 0.12))
    (fp_line (start -0.258578 -0.71) (end 0.258578 -0.71) (layer F.SilkS) (width 0.12))
    (fp_line (start 1 0.6) (end -1 0.6) (layer F.Fab) (width 0.1))
    (fp_line (start 1 -0.6) (end 1 0.6) (layer F.Fab) (width 0.1))
    (fp_line (start -1 -0.6) (end 1 -0.6) (layer F.Fab) (width 0.1))
    (fp_line (start -1 0.6) (end -1 -0.6) (layer F.Fab) (width 0.1))
    (fp_text user %R (at 0 0) (layer F.Fab)
      (effects (font (size 0.5 0.5) (thickness 0.08)))
    )
    (pad 1 smd roundrect (at -0.9375 0 180) (size 0.975 1.4) (layers SIG-1 F.Paste F.Mask) (roundrect_rratio 0.25)
      (net 2 +5V))
    (pad 2 smd roundrect (at 0.9375 0 180) (size 0.975 1.4) (layers SIG-1 F.Paste F.Mask) (roundrect_rratio 0.25)
      (net 1 GND))
    (model ${KISYS3DMOD}/Capacitor_SMD.3dshapes/C_0805_2012Metric.wrl
      (at (xyz 0 0 0))
      (scale (xyz 1 1 1))
      (rotate (xyz 0 0 0))
    )
  )

  (module Capacitor_SMD:C_0805_2012Metric (layer SIG-1) (tedit 5B36C52B) (tstamp 5F232700)
    (at 148.59 95.25)
    (descr "Capacitor SMD 0805 (2012 Metric), square (rectangular) end terminal, IPC_7351 nominal, (Body size source: https://docs.google.com/spreadsheets/d/1BsfQQcO9C6DZCsRaXUlFlo91Tg2WpOkGARC1WS5S8t0/edit?usp=sharing), generated with kicad-footprint-generator")
    (tags capacitor)
    (path /5EF37E75)
    (attr smd)
    (fp_text reference C232 (at 0 1.905) (layer F.SilkS)
      (effects (font (size 1 1) (thickness 0.15)))
    )
    (fp_text value "1 uF" (at 0 1.65) (layer F.Fab)
      (effects (font (size 1 1) (thickness 0.15)))
    )
    (fp_line (start 1.68 0.95) (end -1.68 0.95) (layer F.CrtYd) (width 0.05))
    (fp_line (start 1.68 -0.95) (end 1.68 0.95) (layer F.CrtYd) (width 0.05))
    (fp_line (start -1.68 -0.95) (end 1.68 -0.95) (layer F.CrtYd) (width 0.05))
    (fp_line (start -1.68 0.95) (end -1.68 -0.95) (layer F.CrtYd) (width 0.05))
    (fp_line (start -0.258578 0.71) (end 0.258578 0.71) (layer F.SilkS) (width 0.12))
    (fp_line (start -0.258578 -0.71) (end 0.258578 -0.71) (layer F.SilkS) (width 0.12))
    (fp_line (start 1 0.6) (end -1 0.6) (layer F.Fab) (width 0.1))
    (fp_line (start 1 -0.6) (end 1 0.6) (layer F.Fab) (width 0.1))
    (fp_line (start -1 -0.6) (end 1 -0.6) (layer F.Fab) (width 0.1))
    (fp_line (start -1 0.6) (end -1 -0.6) (layer F.Fab) (width 0.1))
    (fp_text user %R (at 0 0) (layer F.Fab)
      (effects (font (size 0.5 0.5) (thickness 0.08)))
    )
    (pad 1 smd roundrect (at -0.9375 0) (size 0.975 1.4) (layers SIG-1 F.Paste F.Mask) (roundrect_rratio 0.25)
      (net 3 +24V))
    (pad 2 smd roundrect (at 0.9375 0) (size 0.975 1.4) (layers SIG-1 F.Paste F.Mask) (roundrect_rratio 0.25)
      (net 1 GND))
    (model ${KISYS3DMOD}/Capacitor_SMD.3dshapes/C_0805_2012Metric.wrl
      (at (xyz 0 0 0))
      (scale (xyz 1 1 1))
      (rotate (xyz 0 0 0))
    )
  )

  (module Capacitor_SMD:C_0805_2012Metric (layer SIG-1) (tedit 5B36C52B) (tstamp 5F232711)
    (at 123.19 70.485 180)
